Height_cm,Armspan_cm
164.0,158.0
175.3,100.0
206.08301969365428,7.45
163.0,159.0
149.0,165.5
166.0,168.0
206.08301969365428,157.7976511627907
155.0,169.0
187.0,200.0
182.0,187.0
161.0,142.0
159.0,160.0
171.0,177.0
180.0,105.0
176.0,186.0
150.0,142.0
173.0,157.0
155.0,140.0
180.0,183.0
165.0,169.0
206.08301969365428,152.0
206.08301969365428,157.7976511627907
167.6,169.5
123.0,123.0
157.5,135.0
162.0,164.0
24.0,103.0
172.0,170.0
206.08301969365428,157.7976511627907
171.0,176.0
151.0,146.0
174.0,157.7976511627907
160.0,141.0
206.08301969365428,157.7976511627907
64.0,65.0
166.0,68.0
177.0,180.0
150.0,147.0
175.0,170.0
157.0,164.0
52.6,89.0
148.0,142.0
157.0,165.0
152.0,151.0
183.0,185.0
164.0,161.0
173.0,168.0
161.0,165.0
175.0,190.0
171.0,157.7976511627907
166.0,153.0
170.0,163.0
182.8,182.6
170.0,170.0
168.0,168.0
70.0,146.0
177.6,168.0
159.0,159.0
206.08301969365428,157.7976511627907
157.0,152.0
180.0,185.0
168.0,167.0
171.0,173.0
175.0,181.0
160.0,160.0
5.0,100.0
174.0,169.0
206.08301969365428,157.7976511627907
152.0,149.0
154.0,160.0
154.9,64.0
77.0,87.0
206.08301969365428,157.7976511627907
178.0,177.0
157.0,149.0
183.0,182.0
206.08301969365428,157.7976511627907
167.0,164.0
158.0,120.0
169.0,176.0
152.0,152.0
160.0,155.0
206.08301969365428,157.7976511627907
153.0,157.7976511627907
178.0,157.7976511627907
160.0,159.0
183.0,185.0
173.0,185.0
145.0,148.0
159.0,162.0
177.8,62.0
150.0,148.5
167.0,167.0
152.0,153.0
1.54,1.51
162.0,167.0
157.0,157.7976511627907
165.0,165.0
172.0,157.7976511627907
168.0,170.0
63.0,160.0
183.0,179.0
173.0,173.0
190.0,187.0
206.08301969365428,157.7976511627907
165.0,165.0
153.0,155.0
160.0,155.0
156.0,68.0
182.0,182.0
186.0,157.7976511627907
206.08301969365428,135.0
163.0,157.7976511627907
142.0,153.0
156.9,146.5
175.0,53.34
175.0,177.0
206.08301969365428,157.7976511627907
206.08301969365428,157.7976511627907
170.5,180.5
167.0,169.0
176.0,180.0
164.1,1.7
132.0,61.0
165.0,162.0
167.0,170.0
158.0,157.7976511627907
177.0,184.0
193.0,198.0
157.0,157.7976511627907
167.0,170.0
147.0,157.0
155.0,157.7976511627907
87.0,144.0
168.9,155.1
206.08301969365428,180.0
171.0,175.0
157.0,152.0
206.08301969365428,157.7976511627907
155.0,150.0
185.0,180.0
178.0,180.0
170.0,176.0
159.0,149.0
149.0,121.0
157.0,156.0
152.0,156.0
153.0,121.0
153.0,141.0
145.0,134.0
171.0,170.0
158.0,165.0
170.0,170.0
147.0,143.0
144.7,63.0
185.0,157.7976511627907
161.0,152.0
139.0,140.0
5.3,80.0
171.0,167.0
66.0,69.0
182.0,157.7976511627907
171.0,157.7976511627907
152.0,143.0
206.08301969365428,155.0
131.0,131.0
160.0,163.0
151.0,147.5
141.0,131.0
177.0,195.0
163.0,166.0
164.0,164.0
186.0,185.0
150.0,150.0
150.0,153.0
167.0,168.0
178.0,177.0
164.0,170.0
174.0,169.0
174.0,172.0
206.08301969365428,157.7976511627907
178.0,183.0
165.0,161.0
163.0,170.0
176.0,184.0
160.0,164.0
168.0,165.0
206.08301969365428,157.7976511627907
171.0,180.0
188.0,190.0
138.0,131.0
170.0,172.0
161.0,160.0
176.0,173.0
162.5,157.7976511627907
141.0,151.0
185.0,179.0
206.08301969365428,162.0
155.0,153.0
175.0,168.0
160.0,163.0
182.0,180.0
206.08301969365428,157.7976511627907
177.0,180.0
187.0,192.0
148.0,144.0
152.4,48.0
4.9,24.0
152.0,148.0
183.0,186.0
156.5,65.0
140.0,140.0
162.0,164.0
149.0,150.0
181.0,193.0
170.0,177.5
177.8,186.0
183.0,183.0
165.1,182.8
154.9,149.0
172.0,175.0
206.08301969365428,157.7976511627907
160.0,163.0
154.0,141.0
162.0,165.0
167.0,169.0
173.0,185.0
155.0,166.0
168.0,162.0
165.0,178.8
178.0,180.0
168.0,172.0
146.0,148.0
206.08301969365428,142.2
176.0,180.0
163.0,174.0
171.0,170.0
180.0,180.0
176.0,157.7976511627907
206.08301969365428,157.7976511627907
183.0,183.0
156.0,158.0
181.0,171.0
153.0,159.0
206.08301969365428,165.0
170.0,160.0
181.0,180.0
160.0,157.0
206.08301969365428,157.7976511627907
175.0,174.0
21379.0,157.7976511627907
144.0,132.0
150.0,150.0
168.0,157.7976511627907
162.0,152.0
164.0,162.0
165.0,166.0
172.7,177.8
66.0,60.0
156.0,157.7976511627907
170.0,172.0
180.0,187.0
168.0,169.0
153.0,145.0
150.0,157.7976511627907
184.0,184.0
183.0,165.0
170.0,167.0
172.0,174.0
160.0,161.0
168.0,162.0
187.0,183.0
183.0,183.0
190.0,157.7976511627907
206.08301969365428,157.7976511627907
150.0,156.0
157.5,163.8
206.08301969365428,156.0
61.0,60.0
167.0,171.0
160.0,150.0
139.0,140.0
170.0,170.0
162.0,167.0
148.0,156.0
180.0,166.0
160.0,164.0
175.0,185.0
161.0,166.0
168.0,152.4
181.0,188.0
182.0,184.0
175.0,56.0
157.0,157.7976511627907
155.0,123.0
170.0,0.0
175.0,168.0
155.0,147.5
155.0,158.0
175.2,193.0
169.0,167.0
163.0,165.0
149.0,146.0
175.5,179.5
206.08301969365428,172.1
206.08301969365428,157.7976511627907
134.0,136.0
160.0,158.0
162.5,167.6
169.0,171.0
168.0,175.0
163.0,161.0
5.0,46.0
186.0,87.0
180.0,175.2
64.0,62.8
157.5,157.7976511627907
181.0,185.0
174.0,177.0
168.0,176.0
171.0,170.0
68.0,1099.0
190.5,195.0
152.4,100.0
178.0,178.0
163.8,157.7976511627907
183.0,100.0
67.0,68.0
165.0,165.0
176.0,172.0
160.0,156.0
177.0,177.0
174.0,181.0
150.0,157.7976511627907
172.7,91.44
155.0,155.0
80.0,100.0
5.5,35.0
167.6,164.0
155.0,149.0
157.0,153.0
158.0,156.0
167.0,165.0
123.0,160.0
158.0,163.0
65.0,62.0
167.0,166.0
179.0,200.0
156.0,157.0
154.0,164.0
178.0,8.0
154.0,160.0
0.0,0.0
147.0,147.0
206.08301969365428,157.7976511627907
166.0,174.0
172.2,165.1
168.0,174.0
146.0,130.0
153.0,162.0
161.0,152.0
162.0,178.0
159.0,158.0
164.0,165.0
161.0,163.0
168.0,171.5
178.0,182.0
182.0,157.7976511627907
155.0,155.0
157.0,149.0
183.0,183.0
62.0,40.0
141.0,138.0
178.0,178.0
206.08301969365428,157.7976511627907
186.0,188.0
170.0,170.0
153.0,155.0
162.0,172.0
183.0,190.0
160.0,159.0
162.0,1621.0
170.0,157.0
160.0,150.0
161.0,166.0
154.9,153.0
172.0,157.7976511627907
206.08301969365428,157.7976511627907
157.4,157.7976511627907
188.0,90.0
155.0,155.0
180.0,182.0
175.0,188.0
182.0,213.0
143.0,16.0
175.0,170.0
183.0,202.0
162.0,155.0
150.0,143.0
178.4,182.0
150.0,149.0
149.0,142.0
171.0,183.0
181.0,192.0
145.0,144.0
157.0,156.0
156.0,162.0
206.08301969365428,157.7976511627907
180.0,178.0
165.0,160.0
175.0,193.0
160.0,161.5
157.0,157.7976511627907
165.1,166.4
134.0,133.0
73.0,69.0
157.0,152.0
177.0,180.0
159.5,158.0
153.7,144.0
175.0,157.7976511627907
157.0,157.0
165.0,161.0
175.0,157.7976511627907
175.3,175.3
179.0,180.0
185.0,179.0
165.0,165.0
160.0,159.0
146.0,162.0
180.9,27.19
153.0,155.0
177.0,157.7976511627907
186.0,185.0
182.0,182.0
186.0,199.0
176.0,183.0
168.0,157.7976511627907
160.0,160.0
180.0,182.0
300.0,10.0
181.0,184.0
168.0,173.0
177.8,172.0
180.3,170.1
158.0,159.0
164.0,162.0
167.0,164.0
161.0,150.0
206.08301969365428,157.7976511627907
183.0,215.0
206.08301969365428,157.7976511627907
154.0,154.0
161.0,162.0
152.0,0.0
206.08301969365428,157.7976511627907
175.0,170.0
170.0,190.0
180.0,157.7976511627907
155.0,150.0
185.0,190.0
162.0,160.0
170.0,170.0
175.0,178.0
180.0,180.0
156.0,68.0
153.0,153.0
179.0,187.0
163.0,165.0
185.0,179.0
154.0,145.0
170.0,167.0
206.08301969365428,157.7976511627907
206.08301969365428,157.7976511627907
180.0,90.0
157.0,36.0
178.0,179.0
206.08301969365428,9.0
180.4,157.7976511627907
170.0,0.0
138.0,30.0
167.0,157.7976511627907
154.0,155.0
160.0,180.0
190.0,196.0
162.5,125.0
206.08301969365428,157.7976511627907
151.0,151.0
173.0,168.0
174.0,177.8
180.0,172.0
67.0,157.7976511627907
170.0,166.0
198.0,190.0
206.08301969365428,157.7976511627907
147.0,60.96
165.0,160.0
162.0,157.7976511627907
182.0,177.0
173.0,179.0
